4 0.39095205941931127 0.330163377864161 0.42201215395003383 0.330163377864161 0.42201215395003383 0.38771479235424405 0.39095205941931127 0.38771479235424405
4 0.4226873733963538 0.3331923996794285 0.4490209318028359 0.3331923996794285 0.4490209318028359 0.3897341402310891 0.4226873733963538 0.3897341402310891
4 0.4490209318028359 0.3291537039257385 0.475354490209318 0.3291537039257385 0.475354490209318 0.38468577053897657 0.4490209318028359 0.38468577053897657
4 0.47400405131667794 0.32814402998731595 0.49561107359891965 0.32814402998731595 0.49561107359891965 0.38064707478528653 0.47400405131667794 0.38064707478528653
4 0.49763673193787983 0.3230956602952034 0.5239702903443619 0.3230956602952034 0.5239702903443619 0.381656748723709 0.49763673193787983 0.381656748723709
4 0.5239702903443619 0.3251150081720484 0.5469277515192438 0.3251150081720484 0.5469277515192438 0.37660837903159644 0.5239702903443619 0.37660837903159644
4 0.5455773126266037 0.3230956602952034 0.5739365293720459 0.3230956602952034 0.5739365293720459 0.37458903115475145 0.5455773126266037 0.37458903115475145
4 0.5732613099257259 0.31804729060309084 0.5989196488858879 0.31804729060309084 0.5989196488858879 0.3715600093394839 0.5732613099257259 0.3715600093394839
4 0.5968939905469277 0.31703761666466834 0.6225523295070898 0.31703761666466834 0.6225523295070898 0.36752131358579393 0.5968939905469277 0.36752131358579393
4 0.6205266711681297 0.31602794272624585 0.6488858879135719 0.31602794272624585 0.6488858879135719 0.3665116396473713 0.6205266711681297 0.3665116396473713
4 0.6434841323430115 0.3129989209109783 0.6711681296421337 0.3129989209109783 0.6711681296421337 0.3665116396473713 0.6434841323430115 0.3665116396473713
4 0.6684672518568536 0.30996989909571077 0.6975016880486158 0.30996989909571077 0.6975016880486158 0.36348261783210384 0.6684672518568536 0.36348261783210384
4 0.6981769074949359 0.30896022515728827 0.7231600270087779 0.30896022515728827 0.7231600270087779 0.35742457420156876 0.6981769074949359 0.35742457420156876
4 0.7238352464550979 0.3069408772804432 0.7474679270762998 0.3069408772804432 0.7474679270762998 0.3564149002631463 0.7238352464550979 0.3564149002631463
4 0.7467927076299797 0.3039118554651757 0.775151924375422 0.3039118554651757 0.775151924375422 0.35944392207841386 0.7467927076299797 0.35944392207841386
4 0.7744767049291019 0.30593120334202073 0.800810263335584 0.30593120334202073 0.800810263335584 0.35540522632472377 0.7744767049291019 0.35540522632472377
4 0.7994598244429441 0.29785381183464066 0.825793382849426 0.29785381183464066 0.825793382849426 0.3543955523863012 0.7994598244429441 0.3543955523863012
4 0.8251181634031061 0.2968441378962181 0.8534773801485482 0.2968441378962181 0.8534773801485482 0.35035685663261124 0.8251181634031061 0.35035685663261124
4 0.8514517218095883 0.29381511608095057 0.8798109385550303 0.29381511608095057 0.8798109385550303 0.3513665305710336 0.8514517218095883 0.3513665305710336
4 0.39297771775827145 0.3897341402310891 0.4186360567184335 0.3897341402310891 0.4186360567184335 0.4291114238295671 0.39297771775827145 0.4291114238295671
4 0.42133693450371373 0.39074381416951165 0.4436191762322755 0.39074381416951165 0.4436191762322755 0.42709207595272203 0.42133693450371373 0.42709207595272203
4 0.44564483457123566 0.38468577053897657 0.4665766374071573 0.38468577053897657 0.4665766374071573 0.43012109776798957 0.44564483457123566 0.43012109776798957
4 0.4659014179608373 0.38569544447739906 0.49696151249155973 0.38569544447739906 0.49696151249155973 0.427092075952722 0.4659014179608373 0.427092075952722
1 0.49763673193787983 0.38569544447739906 0.5205941931127617 0.38569544447739906 0.5205941931127617 0.425072728075877 0.49763673193787983 0.425072728075877
2 0.3923024983119514 0.5805625145929436 0.40783254557731263 0.5805625145929436 0.40783254557731263 0.6219591460682666 0.3923024983119514 0.6219591460682666
4 0.38825118163403105 0.8097584986148534 0.4179608372721134 0.8097584986148534 0.4179608372721134 0.8652905652280917 0.38825118163403105 0.8652905652280917
3 0.41728561782579343 0.8168262161838112 0.4415935178933153 0.8168262161838112 0.4415935178933153 0.8612518694744016 0.41728561782579343 0.8612518694744016
