4 0.3057076012533627 0.1049405140314232 0.3388851703816346 0.1049405140314232 0.3388851703816346 0.12970913384136531 0.3057076012533627 0.12970913384136531
4 0.34243990993109236 0.10576613469175461 0.37206273950990654 0.10576613469175461 0.37206273950990654 0.12970913384136531 0.34243990993109236 0.12970913384136531
4 0.36969291314360153 0.10576613469175461 0.40524030863817856 0.10576613469175461 0.40524030863817856 0.13383723714302234 0.36969291314360153 0.13383723714302234
4 0.3993157427224156 0.10576613469175461 0.4324933118506875 0.10576613469175461 0.4324933118506875 0.12970913384136531 0.3993157427224156 0.12970913384136531
4 0.4277536591180773 0.10741737601241741 0.4633010546126543 0.10741737601241741 0.4633010546126543 0.12970913384136531 0.4277536591180773 0.12970913384136531
4 0.45737648869689157 0.10659175535208601 0.49055405782516337 0.10659175535208601 0.49055405782516337 0.12888351318103392 0.45737648869689157 0.12888351318103392
2 0.49055405782516337 0.10906861733308021 0.5178070610376725 0.10906861733308021 0.5178070610376725 0.12723227186037112 0.49055405782516337 0.12723227186037112
4 0.3128170803522781 0.1833744767629066 0.3400700835647872 0.1833744767629066 0.3400700835647872 0.2040149932711917 0.3128170803522781 0.2040149932711917
4 0.3388851703816346 0.1850257180835694 0.37087782632675403 0.1850257180835694 0.37087782632675403 0.20649185525218589 0.3388851703816346 0.20649185525218589
4 0.37206273950990654 0.1858513387439008 0.3993157427224156 0.1858513387439008 0.3993157427224156 0.2040149932711917 0.37206273950990654 0.2040149932711917
4 0.4016855690887207 0.1858513387439008 0.431308398667535 0.1858513387439008 0.431308398667535 0.20318937261086029 0.4016855690887207 0.20318937261086029
4 0.4277536591180773 0.18089761478191238 0.46567088097895953 0.18089761478191238 0.46567088097895953 0.2040149932711917 0.4277536591180773 0.2040149932711917
4 0.46093122824634924 0.1833744767629066 0.49055405782516337 0.1833744767629066 0.49055405782516337 0.2015381312901975 0.46093122824634924 0.2015381312901975
4 0.49055405782516337 0.18172323544224375 0.518991974220825 0.18172323544224375 0.518991974220825 0.2040149932711917 0.49055405782516337 0.2040149932711917
4 0.5178070610376725 0.18254885610257518 0.549799716982792 0.18254885610257518 0.549799716982792 0.20236375195052891 0.5178070610376725 0.20236375195052891
4 0.5497997169827918 0.18254885610257518 0.579422546561606 0.18254885610257518 0.579422546561606 0.20318937261086029 0.5497997169827918 0.20318937261086029
4 0.5853471124773689 0.1833744767629066 0.612600115689878 0.1833744767629066 0.612600115689878 0.2040149932711917 0.5853471124773689 0.2040149932711917
4 0.612600115689878 0.1833744767629066 0.6445927716349974 0.1833744767629066 0.6445927716349974 0.20318937261086026 0.612600115689878 0.20318937261086026
4 0.6434078584518449 0.18089761478191238 0.6742156012138116 0.18089761478191238 0.6742156012138116 0.2023637519505289 0.6434078584518449 0.2023637519505289
4 0.6718457748475063 0.1833744767629066 0.7014686044263205 0.1833744767629066 0.7014686044263205 0.2040149932711917 0.6718457748475063 0.2040149932711917
4 0.7002836912431681 0.18254885610257518 0.7322763471882874 0.18254885610257518 0.7322763471882874 0.20318937261086029 0.7002836912431681 0.20318937261086029
4 0.73346126037144 0.17924637346124958 0.7630840899502541 0.17924637346124958 0.7630840899502541 0.20236375195052891 0.73346126037144 0.20236375195052891
4 0.7630840899502541 0.17924637346124958 0.793891832712221 0.17924637346124958 0.793891832712221 0.20153813129019751 0.7630840899502541 0.20153813129019751
4 0.7915220063459157 0.17842075280091815 0.8211448359247301 0.17842075280091815 0.8211448359247301 0.2040149932711917 0.7915220063459157 0.2040149932711917
4 0.8211448359247301 0.17924637346124958 0.8519525786866967 0.17924637346124958 0.8519525786866967 0.20236375195052891 0.8211448359247301 0.20236375195052891
4 0.8531374918698493 0.17924637346124958 0.8815754082655112 0.17924637346124958 0.8815754082655112 0.20071251062986606 0.8531374918698493 0.20071251062986606
4 0.8815754082655112 0.18089761478191238 0.9052736719285626 0.18089761478191238 0.9052736719285626 0.20071251062986603 0.8815754082655112 0.20071251062986603
4 0.3128170803522781 0.2040149932711917 0.3365153440153295 0.2040149932711917 0.3365153440153295 0.21722492383649417 0.3128170803522781 0.21722492383649417
4 0.3412549967479398 0.2040149932711917 0.37087782632675415 0.2040149932711917 0.37087782632675415 0.21887616515715694 0.3412549967479398 0.21887616515715694
4 0.3744325658762117 0.1990612693092033 0.40050065590556816 0.1990612693092033 0.40050065590556816 0.21722492383649417 0.3744325658762117 0.21722492383649417
4 0.40287048227187333 0.20236375195052891 0.4289385723012298 0.20236375195052891 0.4289385723012298 0.21970178581748842 0.40287048227187333 0.21970178581748842
4 0.4277536591180773 0.2015381312901975 0.45856140188004413 0.2015381312901975 0.45856140188004413 0.21722492383649417 0.4277536591180773 0.21722492383649417
4 0.45737648869689157 0.20071251062986606 0.49173897100831604 0.20071251062986606 0.49173897100831604 0.2172249238364942 0.45737648869689157 0.2172249238364942
4 0.49055405782516337 0.2015381312901975 0.5213618005871302 0.2015381312901975 0.5213618005871302 0.2163993031761627 0.49055405782516337 0.2163993031761627
4 0.5142523214882149 0.2015381312901975 0.5521695433490971 0.2015381312901975 0.5521695433490971 0.2197017858174884 0.5142523214882149 0.2197017858174884
4 0.5497997169827918 0.2015381312901975 0.5806074597447586 0.2015381312901975 0.5806074597447586 0.21557368251583134 0.5497997169827918 0.21557368251583134
4 0.5817923729279112 0.2015381312901975 0.6114152025067254 0.2015381312901975 0.6114152025067254 0.21805054449682557 0.5817923729279112 0.21805054449682557
4 0.6090453761404203 0.19988688996953466 0.639853118902387 0.19988688996953466 0.639853118902387 0.21805054449682557 0.6090453761404203 0.21805054449682557
4 0.6386682057192344 0.20071251062986606 0.6694759484812014 0.20071251062986606 0.6694759484812014 0.2180505444968256 0.6386682057192344 0.2180505444968256
4 0.6682910352980487 0.20236375195052891 0.7014686044263205 0.20236375195052891 0.7014686044263205 0.21639930317616274 0.6682910352980487 0.21639930317616274
4 0.7014686044263206 0.1990612693092033 0.7275366944556771 0.1990612693092033 0.7275366944556771 0.2163993031761627 0.7014686044263206 0.2163993031761627
4 0.7239819549062193 0.20071251062986606 0.7630840899502541 0.20071251062986606 0.7630840899502541 0.2172249238364942 0.7239819549062193 0.2172249238364942
4 0.7571595240344914 0.19988688996953466 0.7915220063459157 0.19988688996953466 0.7915220063459157 0.21887616515715694 0.7571595240344914 0.21887616515715694
4 0.7867823536133057 0.20071251062986606 0.8246995754741878 0.20071251062986606 0.8246995754741878 0.2172249238364942 0.7867823536133057 0.2172249238364942
4 0.8211448359247301 0.20071251062986606 0.8495827523203917 0.20071251062986606 0.8495827523203917 0.2180505444968256 0.8211448359247301 0.2180505444968256
4 0.8495827523203917 0.19988688996953466 0.8815754082655112 0.19988688996953466 0.8815754082655112 0.22052740647781977 0.8495827523203917 0.22052740647781977
4 0.879205581899206 0.1990612693092033 0.9111982378443253 0.1990612693092033 0.9111982378443253 0.21557368251583134 0.879205581899206 0.21557368251583134
4 0.3092623408028204 0.21557368251583134 0.3436248231142449 0.21557368251583134 0.3436248231142449 0.2320860957224594 0.3092623408028204 0.2320860957224594
4 0.3400700835647872 0.21722492383649417 0.37206273950990654 0.21722492383649417 0.37206273950990654 0.2320860957224594 0.3400700835647872 0.2320860957224594
4 0.37087782632675403 0.21722492383649417 0.4016855690887207 0.21722492383649417 0.4016855690887207 0.23291171638279085 0.37087782632675403 0.23291171638279085
4 0.3981308295392631 0.2180505444968256 0.4324933118506875 0.2180505444968256 0.4324933118506875 0.23208609572245942 0.3981308295392631 0.23208609572245942
4 0.42656874593492466 0.2180505444968256 0.4597463150631966 0.2180505444968256 0.4597463150631966 0.2296092337414652 0.42656874593492466 0.2296092337414652
2 0.4597463150631967 0.2197017858174884 0.49173897100831604 0.2197017858174884 0.49173897100831604 0.23373733704312225 0.4597463150631967 0.23373733704312225
4 0.3068925144365153 0.2593315775133958 0.3412549967479398 0.2593315775133958 0.3412549967479398 0.27832085270101803 0.3068925144365153 0.27832085270101803
4 0.34243990993109236 0.2618084394943899 0.3732476526930591 0.2618084394943899 0.3732476526930591 0.28079771468201226 0.34243990993109236 0.28079771468201226
3 0.373247652693059 0.26098281883405855 0.40050065590556816 0.26098281883405855 0.40050065590556816 0.2783208527010181 0.373247652693059 0.2783208527010181
4 0.3128170803522781 0.33776554024487915 0.3436248231142449 0.33776554024487915 0.3436248231142449 0.3584060567531642 0.3128170803522781 0.3584060567531642
4 0.3436248231142449 0.3369399195845477 0.3744325658762117 0.3369399195845477 0.3744325658762117 0.3584060567531642 0.3436248231142449 0.3584060567531642
4 0.3744325658762117 0.3369399195845477 0.40524030863817845 0.3369399195845477 0.40524030863817845 0.3567548154325014 0.3744325658762117 0.3567548154325014
4 0.4040553954550259 0.33611429892421635 0.431308398667535 0.33611429892421635 0.431308398667535 0.3567548154325014 0.4040553954550259 0.3567548154325014
4 0.4301234854843824 0.33611429892421635 0.4633010546126543 0.33611429892421635 0.4633010546126543 0.3575804360928328 0.4301234854843824 0.3575804360928328
4 0.46093122824634924 0.33611429892421635 0.49529371055777377 0.33611429892421635 0.49529371055777377 0.3567548154325014 0.46093122824634924 0.3567548154325014
4 0.49055405782516337 0.33776554024487915 0.5261014533197405 0.33776554024487915 0.5261014533197405 0.3584060567531642 0.49055405782516337 0.3584060567531642
4 0.5237316269534353 0.33611429892421635 0.5533544565322497 0.33611429892421635 0.5533544565322497 0.3575804360928328 0.5237316269534353 0.3575804360928328
4 0.5509846301659445 0.33611429892421635 0.5829772861110638 0.33611429892421635 0.5829772861110638 0.3551035741118386 0.5509846301659445 0.3551035741118386
4 0.5841621992942163 0.33611429892421635 0.6090453761404204 0.33611429892421635 0.6090453761404204 0.35592919477217005 0.5841621992942163 0.35592919477217005
4 0.612600115689878 0.3352886782638849 0.6445927716349974 0.3352886782638849 0.6445927716349974 0.3542779534515072 0.612600115689878 0.3542779534515072
4 0.6445927716349974 0.3344630576035536 0.6765854275801167 0.3344630576035536 0.6765854275801167 0.3567548154325014 0.6445927716349974 0.3567548154325014
4 0.6754005143969641 0.3344630576035536 0.7038384307926259 0.3344630576035536 0.7038384307926259 0.35592919477217005 0.6754005143969641 0.35592919477217005
4 0.6979138648768629 0.3336374369432221 0.7346461735545926 0.3336374369432221 0.7346461735545926 0.3575804360928328 0.6979138648768629 0.3575804360928328
4 0.7358310867377452 0.33611429892421635 0.7595293504007966 0.33611429892421635 0.7595293504007966 0.3534523327911758 0.7358310867377452 0.3534523327911758
4 0.7618991767671017 0.3344630576035536 0.7891521799796107 0.3344630576035536 0.7891521799796107 0.3551035741118386 0.7618991767671017 0.3551035741118386
4 0.7867823536133057 0.3336374369432221 0.8199599227415775 0.3336374369432221 0.8199599227415775 0.3551035741118386 0.7867823536133057 0.3551035741118386
4 0.8223297491078827 0.3328118162828907 0.8555073182361546 0.3328118162828907 0.8555073182361546 0.3567548154325014 0.8223297491078827 0.3567548154325014
4 0.8495827523203917 0.33611429892421635 0.8815754082655112 0.33611429892421635 0.8815754082655112 0.35180109147051297 0.8495827523203917 0.35180109147051297
4 0.8815754082655112 0.33611429892421635 0.9088284114780202 0.33611429892421635 0.9088284114780202 0.3551035741118386 0.8815754082655112 0.3551035741118386
4 0.3128170803522781 0.3551035741118386 0.3412549967479398 0.3551035741118386 0.3412549967479398 0.3724416079787981 0.3128170803522781 0.3724416079787981
1 0.34480973629739753 0.3567548154325014 0.3673230867772964 0.3567548154325014 0.3673230867772964 0.3674878840168097 0.34480973629739753 0.3674878840168097
4 0.31163216716912556 0.4145482616556997 0.3436248231142449 0.4145482616556997 0.3436248231142449 0.43106067486232774 0.31163216716912556 0.43106067486232774
4 0.3471795626637026 0.41042015835404266 0.37561747905936427 0.41042015835404266 0.37561747905936427 0.4351887781639848 0.3471795626637026 0.4351887781639848
4 0.37561747905936427 0.41042015835404266 0.4076101350044837 0.41042015835404266 0.4076101350044837 0.4318862955226592 0.37561747905936427 0.4318862955226592
4 0.40761013500448373 0.41042015835404266 0.43604805140014535 0.41042015835404266 0.43604805140014535 0.43106067486232774 0.40761013500448373 0.43106067486232774
4 0.4372329645832978 0.41042015835404266 0.46093122824634924 0.41042015835404266 0.46093122824634924 0.43353753684332197 0.4372329645832978 0.43353753684332197
4 0.46093122824634924 0.41042015835404266 0.5012182764735366 0.41042015835404266 0.5012182764735366 0.43106067486232774 0.46093122824634924 0.43106067486232774
4 0.49055405782516337 0.4095945376937113 0.5261014533197405 0.4095945376937113 0.5261014533197405 0.43271191618299054 0.49055405782516337 0.43271191618299054
4 0.5237316269534353 0.41042015835404266 0.5521695433490971 0.41042015835404266 0.5521695433490971 0.4302350542019964 0.5237316269534353 0.4302350542019964
0 0.5521695433490971 0.41042015835404266 0.5758678070121483 0.41042015835404266 0.5758678070121483 0.4277581922210022 0.5521695433490971 0.4277581922210022
4 0.3128170803522781 0.4905053624061889 0.3471795626637026 0.4905053624061889 0.3471795626637026 0.5103202582541425 0.3128170803522781 0.5103202582541425
4 0.3471795626637026 0.4880285004251947 0.3744325658762117 0.4880285004251947 0.3744325658762117 0.5078433962731483 0.3471795626637026 0.5078433962731483
4 0.37798730542566944 0.4847260177838691 0.40524030863817845 0.4847260177838691 0.40524030863817845 0.5103202582541425 0.37798730542566944 0.5103202582541425
4 0.40642522182133106 0.4880285004251947 0.4336782250338401 0.4880285004251947 0.4336782250338401 0.5070177756128169 0.40642522182133106 0.5070177756128169
4 0.4336782250338401 0.48637725910453183 0.46685579416211204 0.48637725910453183 0.46685579416211204 0.5094946375938112 0.4336782250338401 0.5094946375938112
4 0.4633010546126543 0.48885412108552606 0.4929238841914685 0.48885412108552606 0.4929238841914685 0.5094946375938112 0.4633010546126543 0.5094946375938112
4 0.49173897100831604 0.48555163844420046 0.5237316269534353 0.48555163844420046 0.5237316269534353 0.5070177756128169 0.49173897100831604 0.5070177756128169
1 0.5249165401365878 0.48967974174585743 0.5486148037996393 0.48967974174585743 0.5486148037996393 0.5037152929714913 0.5249165401365878 0.5037152929714913
2 0.31400199353543073 0.6399427019261731 0.34243990993109236 0.6399427019261731 0.34243990993109236 0.6581063564534639 0.31400199353543073 0.6581063564534639
1 0.31518690671858324 0.7158998026766622 0.3412549967479398 0.7158998026766622 0.3412549967479398 0.7324122158832903 0.31518690671858324 0.7324122158832903
4 0.3128170803522781 0.8149742819164306 0.3483644758468552 0.8149742819164306 0.3483644758468552 0.8413941430470356 0.3128170803522781 0.8413941430470356
4 0.3483644758468552 0.8157999025767622 0.37206273950990654 0.8157999025767622 0.37206273950990654 0.8413941430470356 0.3483644758468552 0.8413941430470356
4 0.37798730542566944 0.817451143897425 0.40287048227187333 0.817451143897425 0.40287048227187333 0.8413941430470356 0.37798730542566944 0.8413941430470356
4 0.40761013500448373 0.8149742819164306 0.4336782250338401 0.8149742819164306 0.4336782250338401 0.8413941430470356 0.40761013500448373 0.8413941430470356
4 0.3068925144365153 0.8479991083296867 0.3436248231142449 0.8479991083296867 0.3436248231142449 0.8686396248379719 0.3068925144365153 0.8686396248379719
4 0.34243990993109236 0.8430453843676985 0.37798730542566944 0.8430453843676985 0.37798730542566944 0.8694652454983035 0.34243990993109236 0.8694652454983035
4 0.37798730542566944 0.8446966256883612 0.4076101350044837 0.8446966256883612 0.4076101350044837 0.8669883835173092 0.37798730542566944 0.8669883835173092
4 0.40287048227187333 0.8430453843676985 0.4372329645832978 0.8430453843676985 0.4372329645832978 0.8653371421966464 0.40287048227187333 0.8653371421966464
4 0.43486313821699274 0.8430453843676985 0.46685579416211204 0.8430453843676985 0.46685579416211204 0.8653371421966464 0.43486313821699274 0.8653371421966464
4 0.4656708809789594 0.8471734876693556 0.4941087973746211 0.8471734876693556 0.4941087973746211 0.868639624837972 0.4656708809789594 0.868639624837972
3 0.43841787776645036 0.8141486612560993 0.47159544689472227 0.8141486612560993 0.47159544689472227 0.8347891777643844 0.43841787776645036 0.8347891777643844
0 0.4929238841914686 0.8504759703106811 0.5166221478545199 0.8504759703106811 0.5166221478545199 0.8661627628569778 0.4929238841914686 0.8661627628569778
