4 0.39350383631713554 0.35805626598465473 0.41759590792838874 0.35805626598465473 0.41759590792838874 0.3836317135549872 0.39350383631713554 0.3836317135549872
4 0.39885763000852514 0.29028132992327366 0.4142497868712703 0.29028132992327366 0.4142497868712703 0.31329923273657295 0.39885763000852514 0.31329923273657295
4 0.39618073316283037 0.4271099744245524 0.4142497868712702 0.4271099744245524 0.4142497868712702 0.45780051150895135 0.39618073316283037 0.45780051150895135
4 0.4155882352941177 0.42838874680306893 0.43298806479113383 0.42838874680306893 0.43298806479113383 0.4603580562659846 0.4155882352941177 0.4603580562659846
4 0.4343265132139812 0.42838874680306893 0.45105711849957364 0.42838874680306893 0.45105711849957364 0.45780051150895135 0.4343265132139812 0.45780051150895135
4 0.4523955669224211 0.4309462915601023 0.46778772378516625 0.4309462915601023 0.46778772378516625 0.45907928388746805 0.4523955669224211 0.45907928388746805
4 0.46845694799658993 0.4309462915601023 0.4858567774936062 0.4309462915601023 0.4858567774936062 0.45396419437340146 0.46845694799658993 0.45396419437340146
4 0.4851875532821824 0.4322250639386189 0.5032566069906224 0.4322250639386189 0.5032566069906224 0.45780051150895146 0.4851875532821824 0.45780051150895146
4 0.5032566069906224 0.42838874680306893 0.5206564364876385 0.42838874680306893 0.5206564364876385 0.4603580562659846 0.5032566069906224 0.4603580562659846
4 0.524002557544757 0.4309462915601023 0.5380562659846547 0.4309462915601023 0.5380562659846547 0.45907928388746805 0.524002557544757 0.45907928388746805
4 0.5414023870417732 0.4322250639386189 0.5567945439045183 0.4322250639386189 0.5567945439045183 0.45268542199488493 0.5414023870417732 0.45268542199488493
3 0.5588022165387895 0.43478260869565216 0.572855924978687 0.43478260869565216 0.572855924978687 0.4514066496163683 0.5588022165387895 0.4514066496163683
1 0.39551150895140663 0.5038363171355499 0.40755754475703326 0.5038363171355499 0.40755754475703326 0.5242966751918159 0.39551150895140663 0.5242966751918159
1 0.41893435635123616 0.360613810741688 0.4276342710997442 0.360613810741688 0.4276342710997442 0.3836317135549872 0.41893435635123616 0.3836317135549872
1 0.39484228473998295 0.6687978793065141 0.41090366581415166 0.6687978793065141 0.41090366581415166 0.6879794649842635 0.39484228473998295 0.6879794649842635
0 0.3975191815856778 0.6982097186700768 0.40621909633418585 0.6982097186700768 0.40621909633418585 0.7186700767263428 0.3975191815856778 0.7186700767263428
