4 0.46338749702239423 0.13770682689224015 0.49165327780194884 0.13770682689224015 0.49165327780194884 0.15693615857539078 0.46338749702239423 0.15693615857539078
4 0.49165327780194884 0.14018803098038862 0.5173494421469984 0.14018803098038862 0.5173494421469984 0.15631585755335367 0.49165327780194884 0.15631585755335367
4 0.5164929033354968 0.13832712791427726 0.5396194512460414 0.13832712791427726 0.5396194512460414 0.15631585755335367 0.5164929033354968 0.15631585755335367
4 0.5387629124345398 0.1395677299583515 0.5618894603450844 0.1395677299583515 0.5618894603450844 0.15569555653131656 0.5387629124345398 0.15569555653131656
4 0.5627459991565861 0.14018803098038862 0.5867290858786325 0.14018803098038862 0.5867290858786325 0.15631585755335367 0.5627459991565861 0.15631585755335367
4 0.5858725470671307 0.13770682689224015 0.6107121726006784 0.13770682689224015 0.6107121726006784 0.15445495448724234 0.5858725470671307 0.15445495448724234
4 0.6115687114121803 0.1395677299583515 0.6338387205112234 0.1395677299583515 0.6338387205112234 0.15569555653131656 0.6115687114121803 0.15569555653131656
4 0.6329821816997216 0.1389474289363144 0.656965268421768 0.1389474289363144 0.656965268421768 0.15569555653131656 0.6329821816997216 0.15569555653131656
4 0.656965268421768 0.14080833200242573 0.6792352775208108 0.14080833200242573 0.6792352775208108 0.15507525550927945 0.656965268421768 0.15507525550927945
0 0.6809483551438141 0.1432895360905742 0.6903702820703324 0.1432895360905742 0.6903702820703324 0.15507525550927942 0.6809483551438141 0.15507525550927942
1 0.46938326870290586 0.27417305174040607 0.48822712255594225 0.27417305174040607 0.48822712255594225 0.2871993732031855 0.46938326870290586 0.2871993732031855
