4 0.47157190635451507 0.20383735257877134 0.5785953177257526 0.20383735257877134 0.5785953177257526 0.33659296169417624 0.47157190635451507 0.33659296169417624
4 0.5926421404682274 0.21115459087647082 0.6963210702341137 0.21115459087647082 0.6963210702341137 0.3428648802350615 0.5926421404682274 0.3428648802350615
4 0.7277591973244149 0.1996560735515145 0.8147157190635452 0.1996560735515145 0.8147157190635452 0.3365929616941763 0.7277591973244149 0.3365929616941763
4 0.48762541806020065 0.3574993568304605 0.5739130434782609 0.3574993568304605 0.5739130434782609 0.4892096461890512 0.48762541806020065 0.4892096461890512
4 0.48294314381270903 0.5163879598662208 0.5785953177257525 0.5163879598662208 0.5785953177257525 0.6480982492248114 0.48294314381270903 0.6480982492248114
4 0.4849498327759198 0.8299838869104843 0.5806020066889632 0.8299838869104843 0.5806020066889632 0.9773739726212882 0.4849498327759198 0.9773739726212882
4 0.5986622073578596 0.8341651659377411 0.688963210702341 0.8341651659377411 0.688963210702341 0.9721473738372172 0.5986622073578596 0.9721473738372172
2 0.48829431438127086 0.6731859233883525 0.5551839464882943 0.6731859233883525 0.5551839464882943 0.8069868522605717 0.48829431438127086 0.8069868522605717
0 0.6046822742474917 0.5216145586502918 0.6280936454849498 0.5216145586502918 0.6280936454849498 0.6606420863065819 0.6046822742474917 0.6606420863065819
1 0.8321070234113712 0.19861075379470028 0.8896321070234113 0.19861075379470028 0.8896321070234113 0.33868360120780466 0.8321070234113712 0.33868360120780466
