4 0.35469567469567465 0.39460539460539457 0.3859311059311059 0.39460539460539457 0.3859311059311059 0.44355644355644347 0.35469567469567465 0.44355644355644347
4 0.388013468013468 0.3966033966033965 0.41230769230769226 0.3966033966033965 0.41230769230769226 0.4445554445554445 0.388013468013468 0.4445554445554445
4 0.41300181300181293 0.39560439560439564 0.4386842786842786 0.39560439560439564 0.4386842786842786 0.4515484515484516 0.41300181300181293 0.4515484515484516
4 0.4428490028490028 0.3966033966033965 0.46367262367262363 0.3966033966033965 0.46367262367262363 0.4415584415584415 0.4428490028490028 0.4415584415584415
4 0.4685314685314685 0.3926073926073926 0.49351981351981344 0.3926073926073926 0.49351981351981344 0.4445554445554445 0.4685314685314685 0.4445554445554445
4 0.4956021756021755 0.3966033966033965 0.5164257964257963 0.3966033966033965 0.5164257964257963 0.44555444555444546 0.4956021756021755 0.44555444555444546
4 0.5212846412846412 0.39560439560439564 0.5476612276612276 0.39560439560439564 0.5476612276612276 0.4415584415584415 0.5212846412846412 0.4415584415584415
4 0.5497435897435897 0.39860139860139854 0.5719554519554518 0.39860139860139854 0.5719554519554518 0.44555444555444557 0.5497435897435897 0.44555444555444557
4 0.574037814037814 0.39560439560439564 0.5997202797202797 0.39560439560439564 0.5997202797202797 0.44555444555444557 0.574037814037814 0.44555444555444557
4 0.6018026418026418 0.39460539460539457 0.6281792281792281 0.39460539460539457 0.6281792281792281 0.44255744255744245 0.6018026418026418 0.44255744255744245
4 0.6288733488733488 0.39560439560439564 0.6531675731675731 0.39560439560439564 0.6531675731675731 0.4445554445554445 0.6288733488733488 0.4445554445554445
4 0.6552499352499352 0.39960039960039956 0.6802382802382803 0.39960039960039956 0.6802382802382803 0.44255744255744245 0.6552499352499352 0.44255744255744245
4 0.6823206423206423 0.39460539460539457 0.7086972286972286 0.39460539460539457 0.7086972286972286 0.44255744255744245 0.6823206423206423 0.44255744255744245
4 0.7114737114737114 0.39460539460539457 0.7316032116032114 0.39460539460539457 0.7316032116032114 0.4515484515484516 0.7114737114737114 0.4515484515484516
4 0.7357679357679356 0.3976023976023976 0.757979797979798 0.3976023976023976 0.757979797979798 0.44555444555444557 0.7357679357679356 0.44555444555444557
4 0.762144522144522 0.39360639360639355 0.787132867132867 0.39360639360639355 0.787132867132867 0.44555444555444557 0.762144522144522 0.44555444555444557
4 0.789215229215229 0.3976023976023976 0.814203574203574 0.3976023976023976 0.814203574203574 0.4495504495504495 0.789215229215229 0.4495504495504495
4 0.8155918155918154 0.39960039960039956 0.8371095571095569 0.39960039960039956 0.8371095571095569 0.4415584415584415 0.8155918155918154 0.4415584415584415
4 0.8419684019684018 0.39560439560439564 0.8648743848743847 0.39560439560439564 0.8648743848743847 0.4515484515484516 0.8419684019684018 0.4515484515484516
0 0.8718155918155917 0.4015984015984016 0.8863921263921263 0.4015984015984016 0.8863921263921263 0.4445554445554445 0.8718155918155917 0.4445554445554445
4 0.354001554001554 0.5754245754245754 0.3859311059311059 0.5754245754245754 0.3859311059311059 0.6293706293706294 0.354001554001554 0.6293706293706294
4 0.3866252266252267 0.5804195804195803 0.41022533022533014 0.5804195804195803 0.41022533022533014 0.6263736263736263 0.3866252266252267 0.6263736263736263
4 0.41230769230769226 0.5794205794205793 0.4407666407666407 0.5794205794205793 0.4407666407666407 0.6293706293706293 0.41230769230769226 0.6293706293706293
4 0.44354312354312353 0.5824175824175823 0.4685314685314685 0.5824175824175823 0.4685314685314685 0.6313686313686313 0.44354312354312353 0.6313686313686313
4 0.46922558922558916 0.5824175824175823 0.49351981351981344 0.5824175824175823 0.49351981351981344 0.6293706293706293 0.46922558922558916 0.6293706293706293
4 0.49213157213157205 0.5814185814185814 0.5198963998963999 0.5814185814185814 0.5198963998963999 0.6273726273726273 0.49213157213157205 0.6273726273726273
4 0.5233670033670033 0.5834165834165833 0.5511318311318311 0.5834165834165833 0.5511318311318311 0.6273726273726273 0.5233670033670033 0.6273726273726273
4 0.5511318311318311 0.5814185814185814 0.5788966588966589 0.5814185814185814 0.5788966588966589 0.6243756243756244 0.5511318311318311 0.6243756243756244
4 0.5775084175084174 0.5844155844155844 0.6038850038850038 0.5844155844155844 0.6038850038850038 0.6233766233766231 0.5775084175084174 0.6233766233766231
4 0.6052732452732452 0.5824175824175823 0.6309557109557109 0.5824175824175823 0.6309557109557109 0.6253746253746254 0.6052732452732452 0.6253746253746254
4 0.6295674695674695 0.5824175824175823 0.6580264180264178 0.5824175824175823 0.6580264180264178 0.6243756243756244 0.6295674695674695 0.6243756243756244
4 0.6594146594146594 0.5824175824175823 0.6844030044030044 0.5824175824175823 0.6844030044030044 0.6263736263736263 0.6594146594146594 0.6263736263736263
4 0.6830147630147629 0.5844155844155844 0.7100854700854698 0.5844155844155844 0.7100854700854698 0.6273726273726272 0.6830147630147629 0.6273726273726272
4 0.71008547008547 0.5834165834165833 0.7357679357679356 0.5834165834165833 0.7357679357679356 0.6313686313686313 0.71008547008547 0.6313686313686313
4 0.735073815073815 0.5814185814185814 0.7649210049210049 0.5814185814185814 0.7649210049210049 0.6253746253746253 0.735073815073815 0.6253746253746253
4 0.7649210049210047 0.5804195804195803 0.7906034706034704 0.5804195804195803 0.7906034706034704 0.6293706293706293 0.7649210049210047 0.6293706293706293
4 0.7885211085211083 0.5804195804195803 0.8183682983682982 0.5804195804195803 0.8183682983682982 0.6303696303696302 0.7885211085211083 0.6303696303696302
4 0.8155918155918154 0.5804195804195803 0.8440507640507638 0.5804195804195803 0.8440507640507638 0.6293706293706293 0.8155918155918154 0.6293706293706293
4 0.844050764050764 0.5834165834165833 0.8697332297332296 0.5834165834165833 0.8697332297332296 0.6273726273726273 0.844050764050764 0.6273726273726273
0 0.8718155918155917 0.5844155844155844 0.8850038850038848 0.5844155844155844 0.8850038850038848 0.6253746253746253 0.8718155918155917 0.6253746253746253
4 0.3595545195545195 0.7692307692307692 0.38731934731934725 0.7692307692307692 0.38731934731934725 0.813186813186813 0.3595545195545195 0.813186813186813
4 0.3845428645428645 0.7702297702297701 0.4164724164724164 0.7702297702297701 0.4164724164724164 0.8131868131868132 0.3845428645428645 0.8131868131868132
4 0.41300181300181293 0.7692307692307692 0.4407666407666407 0.7692307692307692 0.4407666407666407 0.813186813186813 0.41300181300181293 0.813186813186813
4 0.4407666407666407 0.7662337662337662 0.47061383061383055 0.7662337662337662 0.47061383061383055 0.814185814185814 0.4407666407666407 0.814185814185814
4 0.46922558922558916 0.7632367632367631 0.4962962962962963 0.7632367632367631 0.4962962962962963 0.8111888111888113 0.46922558922558916 0.8111888111888113
4 0.4956021756021755 0.7692307692307692 0.524061124061124 0.7692307692307692 0.524061124061124 0.8111888111888111 0.4956021756021755 0.8111888111888111
4 0.5254493654493654 0.7662337662337662 0.5511318311318311 0.7662337662337662 0.5511318311318311 0.8181818181818181 0.5254493654493654 0.8181818181818181
4 0.5518259518259517 0.7642357642357641 0.5761201761201761 0.7642357642357641 0.5761201761201761 0.8121878121878122 0.5518259518259517 0.8121878121878122
3 0.5809790209790209 0.7692307692307692 0.6066614866614866 0.7692307692307692 0.6066614866614866 0.819180819180819 0.5809790209790209 0.819180819180819
