4 0.4 0.34960981047937567 0.4254180602006689 0.34960981047937567 0.4254180602006689 0.3947974730583426 0.4 0.3947974730583426
4 0.4307692307692308 0.3531772575250836 0.4622073578595317 0.3531772575250836 0.4622073578595317 0.3900408769973988 0.4307692307692308 0.3900408769973988
4 0.46220735785953176 0.35198810850984763 0.49297658862876254 0.35198810850984763 0.49297658862876254 0.3888517279821627 0.46220735785953176 0.3888517279821627
4 0.4969899665551839 0.3531772575250836 0.5290969899665552 0.3531772575250836 0.5290969899665552 0.3876625789669268 0.4969899665551839 0.3876625789669268
4 0.5284280936454849 0.35674470457079155 0.5578595317725753 0.35674470457079155 0.5578595317725753 0.39123002601263474 0.5284280936454849 0.39123002601263474
4 0.5578595317725753 0.3543664065403196 0.5785953177257525 0.3543664065403196 0.5785953177257525 0.39479747305834256 0.5578595317725753 0.39479747305834256
4 0.5879598662207358 0.35555555555555557 0.6127090301003343 0.35555555555555557 0.6127090301003343 0.3888517279821627 0.5879598662207358 0.3888517279821627
4 0.6193979933110368 0.35555555555555557 0.6434782608695653 0.35555555555555557 0.6434782608695653 0.39004087699739876 0.6193979933110368 0.39004087699739876
4 0.6501672240802676 0.35674470457079155 0.6782608695652174 0.35674470457079155 0.6782608695652174 0.3888517279821627 0.6501672240802676 0.3888517279821627
4 0.6809364548494983 0.35555555555555557 0.7076923076923077 0.35555555555555557 0.7076923076923077 0.39241917502787066 0.6809364548494983 0.39241917502787066
4 0.7137123745819397 0.35912300260126345 0.7404682274247492 0.35912300260126345 0.7404682274247492 0.39123002601263474 0.7137123745819397 0.39123002601263474
4 0.7484949832775921 0.35674470457079155 0.7719063545150502 0.35674470457079155 0.7719063545150502 0.3888517279821627 0.7484949832775921 0.3888517279821627
0 0.4020066889632107 0.5018208844295801 0.41605351170568555 0.5018208844295801 0.41605351170568555 0.5303604607952433 0.4020066889632107 0.5303604607952433
