4 0.46792707629979735 0.4487924740954344 0.5293720459149224 0.4487924740954344 0.5293720459149224 0.5026069562833484 0.46792707629979735 0.5026069562833484
4 0.5300472653612424 0.44777710650698327 0.5806887238352465 0.44777710650698327 0.5806887238352465 0.5086991618140557 0.5300472653612424 0.5086991618140557
4 0.5860904794058069 0.4528539444492392 0.6441593517893316 0.4528539444492392 0.6441593517893316 0.5076837942256045 0.5860904794058069 0.5076837942256045
4 0.6448345712356516 0.4487924740954344 0.6954760297096556 0.4487924740954344 0.6954760297096556 0.4995608535179948 0.6448345712356516 0.4995608535179948
4 0.6968264686022958 0.45386931203769043 0.7528696826468603 0.45386931203769043 0.7528696826468603 0.5015915886948973 0.6968264686022958 0.5015915886948973
4 0.7542201215395004 0.4528539444492392 0.8089128966914249 0.4528539444492392 0.8089128966914249 0.4995608535179948 0.7542201215395004 0.4995608535179948
4 0.8082376772451046 0.45183857686078804 0.8642808912896691 0.45183857686078804 0.8642808912896691 0.4995608535179949 0.8082376772451046 0.4995608535179949
4 0.8663065496286293 0.4498078416838856 0.9155975692099932 0.4498078416838856 0.9155975692099932 0.49448401557573873 0.8663065496286293 0.49448401557573873
3 0.4713031735313977 0.2802414544125337 0.5293720459149224 0.2802414544125337 0.5293720459149224 0.324917628304387 0.4713031735313977 0.324917628304387
3 0.924375422012154 0.4569154148030441 0.9723160027008778 0.4569154148030441 0.9723160027008778 0.4924532803988364 0.924375422012154 0.4924532803988364
3 0.47738014854827815 0.10661359678737695 0.5293720459149224 0.10661359678737695 0.5293720459149224 0.14925903550232772 0.47738014854827815 0.14925903550232772
