4 0.28103244081578543 0.32667332667332666 0.31250807418715343 0.32667332667332666 0.31250807418715343 0.3696303696303696 0.28103244081578543 0.3696303696303696
4 0.28477954002666256 0.4705294705294706 0.31850343292455685 0.4705294705294706 0.31850343292455685 0.5114885114885115 0.28477954002666256 0.5114885114885115
4 0.31925285276673226 0.4735264735264735 0.3462319670850476 0.4735264735264735 0.3462319670850476 0.5094905094905094 0.31925285276673226 0.5094905094905094
4 0.34848022661157396 0.4735264735264735 0.3762087607720648 0.4735264735264735 0.3762087607720648 0.5094905094905094 0.34848022661157396 0.5094905094905094
4 0.38070527982511737 0.4715284715284716 0.40843381398560824 0.4715284715284716 0.40843381398560824 0.5094905094905094 0.38070527982511737 0.5094905094905094
4 0.41218091319648525 0.4705294705294706 0.4421577068835024 0.4705294705294706 0.4421577068835024 0.5094905094905094 0.41218091319648525 0.5094905094905094
4 0.4444059664100287 0.4685314685314685 0.4736333402548704 0.4685314685314685 0.4736333402548704 0.5094905094905094 0.4444059664100287 0.5094905094905094
4 0.47513217993922124 0.4595404595404595 0.5036101339418875 0.4595404595404595 0.5036101339418875 0.5094905094905094 0.47513217993922124 0.5094905094905094
4 0.5066078133105892 0.46253746253746253 0.5335869276289046 0.46253746253746253 0.5335869276289046 0.5074925074925075 0.5066078133105892 0.5074925074925075
4 0.5350857673132554 0.4655344655344656 0.5635637213159217 0.4655344655344656 0.5635637213159217 0.5064935064935066 0.5350857673132554 0.5064935064935066
4 0.5650625610002725 0.46053946053946054 0.5905428356342372 0.46053946053946054 0.5905428356342372 0.5024975024975025 0.5650625610002725 0.5024975024975025
4 0.5942899348451143 0.4635364635364636 0.6205196293212543 0.4635364635364636 0.6205196293212543 0.5034965034965035 0.5942899348451143 0.5034965034965035
4 0.6235173086899559 0.4645354645354645 0.6519952626926223 0.4645354645354645 0.6519952626926223 0.5014985014985015 0.6235173086899559 0.5014985014985015
4 0.6549929420613239 0.4645354645354645 0.6797237968531129 0.4645354645354645 0.6797237968531129 0.5024975024975026 0.6549929420613239 0.5024975024975026
4 0.6819720563796393 0.4635364635364636 0.7052040714870774 0.4635364635364636 0.7052040714870774 0.4995004995004995 0.6819720563796393 0.4995004995004995
4 0.7052040714870774 0.46253746253746253 0.7351808651740945 0.46253746253746253 0.7351808651740945 0.4995004995004995 0.7052040714870774 0.4995004995004995
4 0.7366797048584456 0.4645354645354645 0.7599117199658837 0.4645354645354645 0.7599117199658837 0.49750249750249753 0.7366797048584456 0.49750249750249753
4 0.7606611398080593 0.46253746253746253 0.7853919945998482 0.46253746253746253 0.7853919945998482 0.49550449550449555 0.7606611398080593 0.49550449550449555
4 0.7861414144420238 0.4615384615384615 0.8131205287603392 0.4615384615384615 0.8131205287603392 0.4975024975024975 0.7861414144420238 0.4975024975024975
4 0.8123711089181637 0.46053946053946054 0.8386008033943038 0.46053946053946054 0.8386008033943038 0.4945054945054945 0.8123711089181637 0.4945054945054945
4 0.8400996430786545 0.46253746253746253 0.8610833986595664 0.46253746253746253 0.8610833986595664 0.4985014985014985 0.8400996430786545 0.4985014985014985
4 0.2915243186062414 0.6823176823176823 0.32075169245108304 0.6823176823176823 0.32075169245108304 0.7192807192807193 0.2915243186062414 0.7192807192807193
4 0.32150111229325856 0.6803196803196802 0.3499790662959248 0.6803196803196802 0.3499790662959248 0.7172827172827173 0.32150111229325856 0.7172827172827173
4 0.35297674566462656 0.6733266733266733 0.3844523790359945 0.6733266733266733 0.3844523790359945 0.7132867132867133 0.35297674566462656 0.7132867132867133
4 0.3867006385625207 0.6713286713286714 0.4166774322495378 0.6713286713286714 0.4166774322495378 0.7112887112887113 0.3867006385625207 0.7112887112887113
4 0.4196751116182394 0.6663336663336663 0.4444059664100285 0.6663336663336663 0.4444059664100285 0.7082917483728688 0.4196751116182394 0.7082917483728688
4 0.44740360513367106 0.6653346080758646 0.47513216832634725 0.6653346080758646 0.47513216832634725 0.707292684389187 0.44740360513367106 0.707292684389187
4 0.4796286583472146 0.6653346653346656 0.5051089736262382 0.6653346653346656 0.5051089736262382 0.706293694841946 0.4796286583472146 0.706293694841946
4 0.5066078133105892 0.6703296703296702 0.5350857673132554 0.6703296703296702 0.5350857673132554 0.7022977022977022 0.5066078133105892 0.7022977022977022
4 0.5373340268397817 0.6653346653346653 0.5590672022628691 0.6653346653346653 0.5590672022628691 0.7002997002997002 0.5373340268397817 0.7002997002997002
4 0.5628143014737463 0.6643356643356644 0.5897934157920618 0.6643356643356644 0.5897934157920618 0.7002997002997003 0.5628143014737463 0.7002997002997003
4 0.5927910951607634 0.6593406593406592 0.6175219499525525 0.6593406593406592 0.6175219499525525 0.6963036963036962 0.5927910951607634 0.6963036963036962
4 0.618271369794728 0.6563436563436563 0.644501064270868 0.6563436563436563 0.644501064270868 0.6973026973026973 0.618271369794728 0.6973026973026973
4 0.6474987436395696 0.6563436563436563 0.6737284381157096 0.6563436563436563 0.6737284381157096 0.6993006993006993 0.6474987436395696 0.6993006993006993
4 0.2945219979749431 0.7942057942057942 0.3252482115041357 0.7942057942057942 0.3252482115041357 0.8281718281718283 0.2945219979749431 0.8281718281718283
1 0.2937725781327677 0.7622377622377621 0.3125080741871534 0.7622377622377621 0.3125080741871534 0.7912087912087913 0.2937725781327677 0.7912087912087913
2 0.3267470511884865 0.7942057942057942 0.3477308067693985 0.7942057942057942 0.3477308067693985 0.8221778221778222 0.3267470511884865 0.8221778221778222
3 0.28253128050013626 0.4055944055944056 0.31550575355585514 0.4055944055944056 0.31550575355585514 0.4415584415584416 0.28253128050013626 0.4415584415584416
2 0.3177540130823814 0.33766233766233766 0.3424848678741705 0.33766233766233766 0.3424848678741705 0.3616383616383616 0.3177540130823814 0.3616383616383616
